x1 = -2^3+9;
% x1 = 1
x2 = 3*2/3;
% x2 = 2
x3 = (2/3^2*5) * (3-4^3)^2;
% x3 = 5
x4 = 2/3*3;
% x4 = 2
x5 = 3*4-5^2*3-3;
% x5 = -38
x6 = 3*(3*4-2*5^2-3);
% x6 = -99
x7 = (2==5) | (3==5);
% x7 = 0
x8 = ((2>5)|(3>5))&(~(2==-1));
% x8 = 1